Sample	1.0	2.0	3.0	4.0	5.0	6.0	7.0	8.0	9.0	>10	>50	>100	>500	>1k	>5k	>10k+
101112C14_R1_001										10.10449543217817	2.365999725184991	5.1807507339190115	1.7439693317612759	1.7427829959120122	0.07822013002924302	0.0
101112C14_R2_001										9.448652349030198	2.262372249771526	4.969682804123654	1.638992794372995	1.5500071651652383	0.11038980154650406	0.0
101112C4_R1_001										7.030014033583874	1.917423871518549	5.4444334171726965	2.5509395278193234	3.5802094265115674	0.18567234862194754	0.17291978819649323
101112C4_R2_001										6.611932226141526	1.7898970784869368	5.209492060991592	2.5215514779980475	3.398481433123097	0.2493630684857786	0.08735800509190601
101112C9_R1_001										7.374962152447977	1.9300134100959914	5.314691184675426	2.2183050191004012	2.2333833734613817	0.25893523613336455	0.0
101112C9_R2_001										6.8453342152630565	1.8068610721718548	4.879216638990972	2.020400868189237	2.0616852630629268	0.22647122356565294	0.20025749250959027
101112H14_R1_001										8.669868927926144	2.044613552562952	4.408836100481665	1.412274310643315	1.270759565869259	0.0677131401643206	0.0
101112H14_R2_001										8.014233350843499	1.9643225171294565	4.1879055139826935	1.3310059016042888	1.1583882886136063	0.06523539112042505	0.26247819653767296
101112H4_R1_001										6.004894106258473	1.7538960328385285	4.741634377213204	2.09499553316345	2.4955536279758417	0.23208018223026367	0.0
101112H4_R2_001										5.632241093762617	1.6723388165630706	4.444050745316764	1.9669618746456432	2.4409648550882563	0.18890720523799487	0.1496810863319752
101112H9_R1_001										7.15802579374329	1.8934939325388194	5.756345401271465	2.724422350898598	3.3196555100400813	0.27781554085943627	0.062089605694397
101112H9_R2_001										6.776857686813178	1.7651290661657044	5.51469973444187	2.4670650984019082	3.1349951752409297	0.20797901225224733	0.19211439468940747
101112L14_R1_001										9.855299636100199	2.2016034032383334	4.326220696731375	1.164834827414306	0.9799469099834084	0.03530403862038593	0.0
101112L14_R2_001										9.386706643772744	2.158582678663384	4.141762290480085	1.1566612856573117	0.8845301209666395	0.035292771924958395	0.0
101112L4_R1_001										7.055321575784866	1.9423951187274553	5.5769198908072894	2.789573615336621	4.029904001806458	0.3563798630351618	0.30250644868254084
101112L4_R2_001										6.941488938741312	1.8296140582602045	5.483710803651022	2.6647884618891085	3.765438050053041	0.3744705397265662	0.0842134007032524
101112L9_R1_001										8.244932769439478	2.0160163836750606	5.384071550192719	2.363066486704104	3.0594841755616438	0.35442382546653084	0.06358655100659147
101112L9_R2_001										7.599309885757095	1.8575864009112195	5.006895335892139	2.33750938110371	2.7708138213397326	0.33830492806176327	0.17224266612261874
101112M14_R1_001										9.079795216380749	2.2057839077767905	5.076110401715071	1.7382057138037341	1.4942880673036265	0.0388638705381583	0.0
101112M14_R2_001										8.740429232957297	2.07261438806383	4.787750030158235	1.614817073416104	1.3283597143530481	0.039032705843023756	0.0
101112M4_R1_001										6.687507024198856	1.7529027018147167	4.060728352634473	1.3714488921428984	1.3887541609021374	0.10788418874859773	0.09006131689929733
101112M4_R2_001										6.176847019004143	1.6974991314459769	3.9214104513148316	1.3346522732345498	1.2427005779325764	0.11376592257298665	0.31224061703894557
101112M9_R1_001										8.779052032187328	2.158686070242081	5.042706847845762	1.9830246738438504	1.7319653088325744	0.17341135568727473	0.0
101112M9_R2_001										8.500376021408073	2.05297218849951	4.786027876144768	1.8817523950911754	1.686451637288478	0.16275164676389517	0.16343157699159333
123C14_R1_001										9.493639927438045	2.375629912999821	4.890186038343631	1.5626630205977723	1.7315876878289262	0.13200479487256828	0.0
123C14_R2_001										9.299896446446883	2.263541956034528	4.675834369101457	1.5082778682699034	1.6188464375126277	0.12906523302466416	0.30695089754027177
123C4_R1_001										12.556301843708562	3.1406042211863063	6.644008990621283	2.2000757019556536	2.027180626617737	0.09726547590140801	0.0
123C4_R2_001										11.987879833920552	3.0536970533443752	6.369921457075607	2.11186082429268	1.9503564207641628	0.09735174223535932	0.13134427626347336
123C9_R1_001										9.355484289517566	2.1737759662667813	5.780339564760597	2.26933677313613	2.8168415059044762	0.23415180525423154	0.06426807471678643
123C9_R2_001										8.701886009853535	2.1732765377611716	5.405917628008577	2.1470916804197557	2.562987964344747	0.2231237224111117	0.24230346202236017
123H14_R1_001										13.63680622928795	3.1101635489034236	4.905951044531	1.313291957749272	0.8154462557502216	0.0	0.0
123H14_R2_001										12.968293562297145	2.9893321698545106	4.732869441373908	1.2001718010538687	0.789036044513105	0.0	0.0
123H4_R1_001										7.513199672364124	2.1780327407972293	5.981433209980567	2.8048292112701123	4.389374248389973	0.4223496259184261	0.21282048784393134
123H4_R2_001										7.217933994993447	2.1155225833720177	5.70110200657204	2.676072407502375	4.2035692258607105	0.2588427528277306	0.41984198818176266
123H9_R1_001										7.1801353505303105	2.577908473778714	8.283292258053496	4.8793458462685315	8.089275795301361	1.4719244314408888	0.44468287398637624
123H9_R2_001										7.007876035776365	2.386991938960153	7.951860968142095	4.741057021869865	7.5960790925410056	1.5410915525454758	0.5544363210144008
123L14_R1_001										11.798760711011798	2.862268017931481	5.8117760264119935	1.8608622739263514	1.3884542349841205	0.0	0.06836681198793848
123L14_R2_001										11.012916200704561	2.67807786985487	5.594904776523971	1.7433519483406286	1.2747296324304673	0.09174571996483137	0.27357094238848034
123L4_R1_001										6.912787160472387	2.2362252330424766	6.61987565625662	3.150815178906272	4.233076568472288	0.2665423773448694	0.5274542970940461
123L4_R2_001										6.542873559206852	2.1196048877114366	6.467832460044836	3.011705925500839	3.9442605806038595	0.21783374420986998	0.7079923443378118
123L9_R1_001										7.393174185628921	1.8622152152736118	4.3167726742160015	1.6672537243127505	1.3261173846756962	0.06777266511432349	0.0
123L9_R2_001										6.983471277239683	1.7335546374447928	4.115815668976765	1.5149910632143346	1.2222195728353193	0.0336923530401254	0.3107977580058115
123M4_R1_001										11.6543786862387	2.9352433641368862	6.517426460766687	2.712589541512433	3.6136074384830392	0.23842636153092073	0.12511511850401147
123M4_R2_001										10.96031085089435	2.8488313472384714	6.198246994382087	2.6234664953216176	3.2787402126708822	0.32166589489754804	0.2485849820442016
123M9_R1_001										6.140716581593035	1.6550159981525765	4.611987474951333	1.9853169199590297	1.806291808929318	0.12538867283676433	0.11436580260368585
123M9_R2_001										6.025208174707089	1.6145761158397525	4.498037150918796	1.8971216907455073	1.6537962759483702	0.1230850057645648	0.0
131415C14_R1_001										8.667532627698272	1.9994599848103713	4.318553862744788	1.528647668695432	1.3530212596074216	0.06735714200463108	0.0
131415C14_R2_001										7.94463131178966	1.944302885554961	4.103191512364409	1.432937719120194	1.2582601311038222	0.035630497984561235	0.16661374526404168
131415C4_R1_001										7.794311562289917	2.4013922456330112	6.9255155745842245	3.275305101479619	4.788564704753072	0.38234445475426404	0.27216299274570205
131415C4_R2_001										7.553783036023252	2.244061094193278	6.545432693093664	3.103110342268867	4.671225572106424	0.3200429754586571	0.36365150824905573
131415C9_R1_001										7.716281751624125	1.949089675945145	5.076962478925102	1.984170839690551	2.05799490937892	0.17645165578627872	0.0
131415C9_R2_001										7.154960643757163	1.8748614063764446	4.796657588383719	1.9416692538172478	1.9270589103573301	0.11200647987501765	0.20090213132842547
131415H14_R1_001										8.533333479444497	1.979902159410016	4.1261614615929725	1.2220650340947201	0.8523582506665175	0.0	0.0
131415H14_R2_001										7.89835624280637	1.844533590230073	3.9255323782140263	1.1367260203136498	0.8169245700486639	0.0	0.11235440307109279
131415H4_R1_001										7.548553325309718	2.1175793533322027	5.956229948184542	2.8265368615842066	3.7233807780255352	0.25947423239748896	0.07355572651204957
131415H4_R2_001										7.375359316606215	2.114914330451896	5.742447277801832	2.7663555647184523	3.49406436580518	0.22629824346843191	0.0729547373471955
131415H9_R1_001										7.722641434648578	2.2148791245827555	6.1643911423988635	2.7651730295662085	3.39730531863628	0.27361630840810186	0.060997978952660716
131415H9_R2_001										7.283797924832965	2.082224180059229	5.926317642477781	2.5733118248388527	3.2442246115221667	0.20546990986635905	0.20370364276781425
131415L14_R1_001										9.28303647446436	1.9512896683865573	3.5363657183209876	0.994995196156319	0.7269622978774384	0.03079609659353324	0.0
131415L14_R2_001										8.550114675889896	1.9039819384648355	3.3041277623096033	0.9557488142063636	0.6958464097124245	0.029869689951982602	0.1535853684525125
131415L4_R1_001										7.522372412744242	1.947551905141174	9.498111623156788	7.310153845438136	25.906884060801822	9.450692071298192	10.444619849952733
131415L4_R2_001										7.50202688077783	1.9333743208572858	9.401861379484322	7.215820237388177	25.093616661101425	9.505102590127208	9.800435726724476
131415L9_R1_001										7.760446158151218	1.9663049120984786	4.949016786021049	1.9307562997194074	2.0762497722122135	0.17660741604571617	0.13748559344023548
131415L9_R2_001										7.222215752688982	1.8548105528430947	4.6420080233975325	1.8683154050804562	1.8731839650349968	0.17054184250974713	0.24215209315357625
131415M14_R1_001										10.118434324570904	2.250713989656392	4.194478134065033	1.2971577431420622	0.9859467789157843	0.0	0.12853557786771075
131415M14_R2_001										9.259748223950252	2.090031704645394	3.9170506645733476	1.2438317054467396	0.8313281908219154	0.043965711357936504	0.27785954504165367
131415M4_R1_001										7.141329479116049	1.9545532732535897	5.389396992005969	2.463113603891565	3.360079795230147	0.1792283164673782	0.06486169071243587
131415M4_R2_001										6.770889938535948	1.8311232933418493	5.21979388472505	2.337369351361132	3.11447556347868	0.17386051849444384	0.25830926108761
131415M9_R1_001										7.590641491869129	2.042794814144066	5.426332738138081	2.2199610668832337	2.592079877405409	0.17011665221798847	0.0
131415M9_R2_001										7.2028866242847105	1.977014368717648	5.187393505052773	2.1175465213920464	2.3701488063411644	0.16482555647304684	0.11296140467171953
13M14_R1_001										10.59782047022953	2.6387408348692887	6.387639580676209	2.220390779453541	1.7409979698969482	0.03887337126158307	0.0
13M14_R2_001										10.365667677733494	2.696264560446074	6.1108749303513195	2.109318797204709	1.7341830678035537	0.035786100739657704	0.0
456C4_R1_001										6.146745924716781	1.58791787810168	4.1257794239882815	1.6422502558970085	1.9947318603702073	0.1354744751462102	0.0
456C4_R2_001										5.896746258063818	1.604971588229105	3.902963319372637	1.5819303008918242	1.8702079925520003	0.13462551499556902	0.20605357406733885
456H4_R1_001										7.057508218149894	2.531522835779822	7.644457731422379	4.801970906826048	10.455232206029097	2.72896570112785	1.119568809734272
456H4_R2_001										6.802694455126945	2.441987439345942	7.393676707474181	4.612028227922598	9.959053121264128	2.6833369474237734	1.1459496939877578
456H9_R1_001										8.876602185025192	1.9339203578642488	6.305203429589912	3.0991011228792704	4.653575661912318	0.5871148149325618	0.44349980256865723
456H9_R2_001										8.40008255357109	1.8272669879886934	6.1847665715221245	2.9251471855481923	4.472570895501582	0.45099961108964254	0.450591891993194
456L14_R1_001										9.15842538783066	2.053821971672602	3.8422790075380906	0.9839658580765163	0.7525378474857004	0.0	0.0
456L14_R2_001										8.823414589654345	2.027728105713705	3.6758978271989444	0.9307937111980807	0.7037842258535296	0.0	0.3386187158333043
456L4_R1_001										5.852711560595751	2.350177565205221	8.837792413678356	6.650585415767862	18.031760619080067	5.702549371946417	3.502059883305949
456L4_R2_001										5.826111420387282	2.3780013860761064	8.799196756358091	6.342491736495183	17.714784488058612	5.64097845392338	3.2152392959867404
456L9_R1_001										8.536248699625999	2.4542933204174004	8.045034310696519	3.7773512540055605	4.769061434282114	0.45043138254229126	0.09142711270252483
456L9_R2_001										8.258514708556545	2.322634073790896	7.743744784820543	3.6579717080342085	4.549094145524702	0.4315080301576192	0.07085787835498951
456M14_R1_001										8.642011298322734	2.147933769004516	5.632114450019164	1.9200713736795672	1.8417428522522064	0.12533861080912567	0.0
456M14_R2_001										8.263357529361922	2.1114524080043635	5.434151615585163	1.8142266192752685	1.7062384216290667	0.12346434146079119	0.0
456M4_R1_001										7.0293176300149725	1.8104082440740614	4.340285108817097	1.6382029315685294	1.9405959515279798	0.1260027587977624	0.32767379379183015
456M4_R2_001										6.615097188457229	1.734886583859936	4.1374352218052195	1.4966501302808002	1.8651147823254495	0.12028374440758391	0.47239892566520536
456M9_R1_001										6.851280225697229	2.332052035203448	7.5507836005532125	4.222220858517009	6.959144111669508	1.1529381575709012	0.3478945884398192
456M9_R2_001										6.5758419643128185	2.189742351239163	7.194562790450106	4.060834034296473	6.551990885783779	1.0149707404862836	0.6569666814181905
45C14_R1_001										6.4192304544192575	2.330641173183162	8.349867788434674	6.515367319046383	18.515448200757074	6.157151432851854	4.484843654600106
45C14_R2_001										6.3579980630489406	2.2621798872247325	8.222368385281836	6.295041950343918	18.164368978023525	5.817731959407439	3.956445091788669
45C9_R1_001										8.388715327758204	2.379633479386033	7.0328944578474095	3.44783432208394	4.878666240237055	0.40784600325683257	0.4153244509913206
45C9_R2_001										7.7598199687608505	2.2642385627283823	6.6465459642199285	3.3182662325689365	4.4711895040580645	0.3555193705788587	0.8079183477900029
45H14_R1_001										7.884047908487017	2.4111747237072008	7.215388858116327	3.2994513945302506	5.353358941043979	0.7353142372586918	0.23415896121274463
45H14_R2_001										7.57248597077446	2.385942493651805	7.146419293505459	3.165762894338215	5.142653517637453	0.6376667993326159	0.40543571014000973
67C9_R1_001										7.009480142330481	2.322053031348769	7.082226910331844	3.8106513646982676	5.312137374597857	0.5617146195989275	0.154183632459248
67C9_R2_001										6.791047023609886	2.174649507683374	7.096872758430542	3.70837057191832	5.207971793968946	0.38954295732719996	0.15121214489059423
6C14_R1_001										7.048478499754306	1.9341073944543339	5.324949316305857	2.076700525966791	2.3945675906639976	0.14952136416523845	0.05840451280114448
6C14_R2_001										6.829770513086307	1.8363433240771128	5.20275474295218	1.9349889311534312	2.3519916112182773	0.1180585917204886	0.12799903414741498
789C4_R1_001										32.99343511107515	1.3008575099839361	3.103620791515488	1.2825933088938997	0.30272705254158805	0.0	0.25102758557085947
789C4_R2_001										31.820773982083228	1.2464846020529297	3.072530433297697	1.2744889003514008	0.2454467263757069	0.0	0.3645516304713245
789H14_R1_001										10.001226106212203	2.2983996792591292	4.61931168991868	1.380863433222164	0.9816083139875392	0.0	0.0
789H14_R2_001										9.611927531998877	2.1673531911403243	4.432486930607272	1.316908491857117	0.8991648668179893	0.0	0.0
789H4_R1_001										9.00106886985017	2.500117601604637	6.982316235942918	3.728337493018679	6.220408638888665	1.0470105811705364	0.4331875041148025
789H4_R2_001										8.5411595942353	2.3459737586957843	6.779352678854032	3.6238808064318127	5.910627127408377	0.9826783564880339	0.2718349432475438
789H9_R1_001										8.452208249093566	2.058540371589258	5.035005670119817	2.0560646592819007	2.1716081890887877	0.24355804592661293	0.0
789H9_R2_001										7.743968054553039	1.970961561415669	4.758214957240724	1.8751254778936526	2.042897099666863	0.1522155139020254	0.23452490689691002
789L14_R1_001										10.10852982727476	2.318605267920403	4.452073153303355	1.2833812141915117	1.1179039683874148	0.033375176361939235	0.0
789L14_R2_001										9.600435629520804	2.1176531043075415	4.256720732765871	1.243709460144141	1.003672633773942	0.03176236330921761	0.19187956486252164
789L4_R1_001										6.386762297907884	1.6302810124706972	4.841996913488576	2.2328799003266466	2.837772985938793	0.217090373353707	0.2552300512620667
789L4_R2_001										5.990711446733728	1.5783303928579104	4.624521755576671	2.1072941462664914	2.6987922845983325	0.2528929799233364	0.23968122247046622
789L9_R1_001										8.39026845652315	2.1991284492551713	6.6951817514309715	3.1898544738399077	3.982655297893768	0.3916856685853324	0.07619728327111336
789L9_R2_001										8.166472342458011	2.1406050717415024	6.546966870802705	2.978531838070092	3.753051230257948	0.4372988729538169	0.0
789M14_R1_001										10.121707786471859	2.2087873982373964	4.647048679219658	1.6105143323129518	1.31456237239662	0.035458021025538654	0.14203530071368942
789M14_R2_001										9.605306031393877	2.090823227309629	4.441929111992267	1.5706501247084521	1.1991835357432372	0.08338744926893374	0.12206974458450855
789M4_R1_001										8.527677789005638	2.399167460292852	6.481020281371265	3.559257753128292	6.064736977703548	0.9850469058490626	0.6562502400077542
789M4_R2_001										8.205865005166228	2.4151895098350815	6.182798544546649	3.4924832064472313	5.771246542393852	0.9106870080231548	0.6427289938781716
7C14_R1_001										8.610742791309228	2.4332955782508194	6.90177415516476	3.4376956287877354	5.266001263099011	0.4003836871934643	0.14499075033649064
7C14_R2_001										8.193279404956298	2.3199316394110316	6.574961423740784	3.371160599539331	4.964197847125957	0.37836229264437077	0.27679728554234717
89C14_R1_001										11.180470431731909	2.4032439808307267	4.799121514655267	1.693040457982671	1.5295447743693984	0.0745061085148173	0.0
89C14_R2_001										10.84687964848887	2.3371247829876856	4.644101601650519	1.5991658248993172	1.4141008896546035	0.07248263770689005	0.0
89C9_R1_001										8.273050722738867	2.2288278099191547	6.722211494788062	3.5437926502757207	5.173375413815365	0.4543255759344748	0.2914034986700823
89C9_R2_001										7.881770106125923	2.1742201753765134	6.4721248977457195	3.352281107008558	4.8633410757067095	0.49758747898111455	0.4329674942744749
89M9_R1_001										6.950124798238852	2.0327566451664536	5.7743250387638	2.5969877101841754	3.1554851417756344	0.3081543141450003	0.0
89M9_R2_001										6.575779517454638	1.8899717317715412	5.545060250338323	2.5153348534995374	2.887049054525708	0.3270154494989752	0.21004998894435845
