Sample	FastQC_mqc-generalstats-fastqc-percent_duplicates	FastQC_mqc-generalstats-fastqc-percent_gc	FastQC_mqc-generalstats-fastqc-avg_sequence_length	FastQC_mqc-generalstats-fastqc-median_sequence_length	FastQC_mqc-generalstats-fastqc-percent_fails	FastQC_mqc-generalstats-fastqc-total_sequences
101112C14_R1_001	52.59793397295017	43.0	150.0	150	18.181818181818183	18375779.0
101112C14_R2_001	49.837324120862014	43.0	150.0	150	0.0	18375779.0
101112C4_R1_001	52.73057279198897	47.0	150.0	150	18.181818181818183	18799748.0
101112C4_R2_001	50.67879916963939	47.0	150.0	150	18.181818181818183	18799748.0
101112C9_R1_001	42.00374455890734	45.0	150.0	150	9.090909090909092	18557546.0
101112C9_R2_001	38.91556161390539	45.0	150.0	150	9.090909090909092	18557546.0
101112H14_R1_001	41.51821843390145	44.0	150.0	150	9.090909090909092	18598507.0
101112H14_R2_001	38.771828609170534	44.0	150.0	150	0.0	18598507.0
101112H4_R1_001	40.51867227061252	48.0	150.0	150	9.090909090909092	18944084.0
101112H4_R2_001	38.10158223234811	48.0	150.0	150	9.090909090909092	18944084.0
101112H9_R1_001	44.116935971561475	45.0	150.0	150	9.090909090909092	19365059.0
101112H9_R2_001	40.72893984112332	45.0	150.0	150	0.0	19365059.0
101112L14_R1_001	48.48852825487221	45.0	150.0	150	9.090909090909092	19135174.0
101112L14_R2_001	46.23216204526304	45.0	150.0	150	9.090909090909092	19135174.0
101112L4_R1_001	53.563521806640054	48.0	150.0	150	18.181818181818183	18649155.0
101112L4_R2_001	51.41925837372409	47.0	150.0	150	18.181818181818183	18649155.0
101112L9_R1_001	44.02674873407276	45.0	150.0	150	9.090909090909092	19320545.0
101112L9_R2_001	41.14918197014467	45.0	150.0	150	9.090909090909092	19320545.0
101112M14_R1_001	49.618422278654826	44.0	150.0	150	9.090909090909092	18467391.0
101112M14_R2_001	47.061991386031586	44.0	150.0	150	9.090909090909092	18467391.0
101112M4_R1_001	38.40592310356479	47.0	150.0	150	18.181818181818183	18493393.0
101112M4_R2_001	35.769044450331236	47.0	150.0	150	9.090909090909092	18493393.0
101112M9_R1_001	43.264335522695255	44.0	150.0	150	9.090909090909092	19002906.0
101112M9_R2_001	41.3569977727683	44.0	150.0	150	9.090909090909092	19002906.0
123C14_R1_001	41.40572288516613	45.0	150.0	150	9.090909090909092	18131774.0
123C14_R2_001	39.76333489599657	45.0	150.0	150	9.090909090909092	18131774.0
123C4_R1_001	50.512564445776356	43.0	150.0	150	18.181818181818183	18870343.0
123C4_R2_001	48.36084354724816	43.0	150.0	150	0.0	18870343.0
123C9_R1_001	47.10925598533486	44.0	150.0	150	9.090909090909092	19048725.0
123C9_R2_001	44.368959979418655	44.0	150.0	150	9.090909090909092	19048725.0
123H14_R1_001	53.45372347914481	43.0	150.0	150	18.181818181818183	18602017.0
123H14_R2_001	51.117932709761796	43.0	150.0	150	18.181818181818183	18602017.0
123H4_R1_001	47.84572022402088	47.0	150.0	150	9.090909090909092	18333059.0
123H4_R2_001	45.399195722914556	47.0	150.0	150	9.090909090909092	18333059.0
123H9_R1_001	51.41323063323157	45.0	150.0	150	27.27272727272727	19029717.0
123H9_R2_001	49.60225309542238	45.0	150.0	150	9.090909090909092	19029717.0
123L14_R1_001	47.88208237050699	42.0	150.0	150	9.090909090909092	18011050.0
123L14_R2_001	45.34146279641077	42.0	150.0	150	9.090909090909092	18011050.0
123L4_R1_001	50.63737699154356	46.0	150.0	150	18.181818181818183	18834650.0
123L4_R2_001	47.98490804303754	46.0	150.0	150	9.090909090909092	18834650.0
123L9_R1_001	39.83621331187559	46.0	150.0	150	9.090909090909092	18260735.0
123L9_R2_001	37.06816762892494	46.0	150.0	150	9.090909090909092	18260735.0
123M4_R1_001	52.11582256897173	43.0	150.0	150	18.181818181818183	18853790.0
123M4_R2_001	49.40603430368342	43.0	150.0	150	0.0	18853790.0
123M9_R1_001	46.58469122188607	48.0	150.0	150	18.181818181818183	18324402.0
123M9_R2_001	44.67810763163037	48.0	150.0	150	9.090909090909092	18324402.0
131415C14_R1_001	41.73076445539805	44.0	150.0	150	9.090909090909092	18988310.0
131415C14_R2_001	38.720323111169805	44.0	150.0	150	9.090909090909092	18988310.0
131415C4_R1_001	51.65677174307062	44.0	150.0	150	9.090909090909092	19068531.0
131415C4_R2_001	49.51894987000639	44.0	150.0	150	0.0	19068531.0
131415C9_R1_001	41.43330233978057	46.0	150.0	150	9.090909090909092	18522107.0
131415C9_R2_001	38.87894406221955	46.0	150.0	150	9.090909090909092	18522107.0
131415H14_R1_001	40.630159190058535	45.0	150.0	150	9.090909090909092	19215988.0
131415H14_R2_001	37.96312209495267	45.0	150.0	150	0.0	19215988.0
131415H4_R1_001	53.331809896057784	49.0	150.0	150	18.181818181818183	20365920.0
131415H4_R2_001	51.55613724107448	49.0	150.0	150	18.181818181818183	20365920.0
131415H9_R1_001	43.99596725100757	45.0	150.0	150	9.090909090909092	18751120.0
131415H9_R2_001	41.17377596356201	45.0	150.0	150	0.0	18751120.0
131415L14_R1_001	39.99117388715475	44.0	150.0	150	9.090909090909092	19273665.0
131415L14_R2_001	37.09297998895834	45.0	150.0	150	9.090909090909092	19273665.0
131415L4_R1_001	89.21900888947809	38.0	150.0	150	18.181818181818183	19001670.0
131415L4_R2_001	87.72293778430202	38.0	150.0	150	18.181818181818183	19001670.0
131415L9_R1_001	42.0944009732358	45.0	150.0	150	9.090909090909092	19295022.0
131415L9_R2_001	38.81515394550667	45.0	150.0	150	0.0	19295022.0
131415M14_R1_001	44.23976876401435	43.0	150.0	150	9.090909090909092	19399630.0
131415M14_R2_001	40.650026866709666	43.0	150.0	150	9.090909090909092	19399630.0
131415M4_R1_001	44.62125281949777	46.0	150.0	150	0.0	19034780.0
131415M4_R2_001	41.77644103353312	46.0	150.0	150	0.0	19034780.0
131415M9_R1_001	42.14116917553241	46.0	150.0	150	9.090909090909092	18921850.0
131415M9_R2_001	39.797938889771565	46.0	150.0	150	9.090909090909092	18921850.0
13M14_R1_001	54.72739545371569	43.0	150.0	150	18.181818181818183	18413101.0
13M14_R2_001	53.390777960553656	43.0	150.0	150	9.090909090909092	18413101.0
456C4_R1_001	37.56285665636372	50.0	150.0	150	9.090909090909092	19231233.0
456C4_R2_001	35.553132248214695	50.0	150.0	150	9.090909090909092	19231233.0
456H4_R1_001	59.76985810490736	43.0	150.0	150	18.181818181818183	17696480.0
456H4_R2_001	57.38789703153921	43.0	150.0	150	18.181818181818183	17696480.0
456H9_R1_001	65.9258856416381	40.0	150.0	150	9.090909090909092	22586502.0
456H9_R2_001	63.45647672308698	40.0	150.0	150	9.090909090909092	22586502.0
456L14_R1_001	42.393419223930096	43.0	150.0	150	9.090909090909092	18824759.0
456L14_R2_001	40.71078989012923	44.0	150.0	150	0.0	18824759.0
456L4_R1_001	74.74298899900967	42.0	150.0	150	18.181818181818183	18001418.0
456L4_R2_001	73.45458502764137	42.0	150.0	150	18.181818181818183	18001418.0
456L9_R1_001	57.14557438941569	44.0	150.0	150	18.181818181818183	18181680.0
456L9_R2_001	55.21387533947366	44.0	150.0	150	9.090909090909092	18181680.0
456M14_R1_001	49.70771143966148	45.0	150.0	150	9.090909090909092	18519634.0
456M14_R2_001	47.65237243161291	45.0	150.0	150	9.090909090909092	18519634.0
456M4_R1_001	41.60203532037598	47.0	150.0	150	18.181818181818183	19132549.0
456M4_R2_001	38.668625363503196	47.0	150.0	150	9.090909090909092	19132549.0
456M9_R1_001	51.918054055497414	43.0	150.0	150	9.090909090909092	17435038.0
456M9_R2_001	49.35427006690959	43.0	150.0	150	0.0	17435038.0
45C14_R1_001	78.1261245435013	41.0	150.0	150	18.181818181818183	19033542.0
45C14_R2_001	76.05343859998408	41.0	150.0	150	18.181818181818183	19033542.0
45C9_R1_001	52.52994114887592	42.0	150.0	150	18.181818181818183	17854814.0
45C9_R2_001	49.77576812560369	42.0	150.0	150	0.0	17854814.0
45H14_R1_001	58.88931326319178	40.0	150.0	150	9.090909090909092	18748137.0
45H14_R2_001	57.14507472808731	40.0	150.0	150	9.090909090909092	18748137.0
67C9_R1_001	56.00827293675466	46.0	150.0	150	9.090909090909092	21538044.0
67C9_R2_001	54.10828745503858	46.0	150.0	150	9.090909090909092	21538044.0
6C14_R1_001	40.93062502019262	46.0	150.0	150	0.0	19237566.0
6C14_R2_001	39.011565795299795	46.0	150.0	150	0.0	19237566.0
789C4_R1_001	79.11961013065878	25.0	150.0	150	18.181818181818183	18705404.0
789C4_R2_001	77.33266598769175	25.0	150.0	150	27.27272727272727	18705404.0
789H14_R1_001	49.31939032583792	44.0	150.0	150	9.090909090909092	18139506.0
789H14_R2_001	47.47354975261634	44.0	150.0	150	9.090909090909092	18139506.0
789H4_R1_001	59.53650353185103	45.0	150.0	150	9.090909090909092	19426184.0
789H4_R2_001	57.03461757285659	45.0	150.0	150	9.090909090909092	19426184.0
789H9_R1_001	42.7738048261879	45.0	150.0	150	9.090909090909092	18753749.0
789H9_R2_001	39.44929574454298	45.0	150.0	150	9.090909090909092	18753749.0
789L14_R1_001	42.57040016408341	43.0	150.0	150	9.090909090909092	18574732.0
789L14_R2_001	39.87317046552694	43.0	150.0	150	9.090909090909092	18574732.0
789L4_R1_001	49.82961695176724	49.0	150.0	150	9.090909090909092	18878185.0
789L4_R2_001	47.74792149306361	49.0	150.0	150	9.090909090909092	18878185.0
789L9_R1_001	56.25315392789217	44.0	150.0	150	18.181818181818183	18496615.0
789L9_R2_001	53.89293278283867	44.0	150.0	150	9.090909090909092	18496615.0
789M14_R1_001	52.62779837351494	44.0	150.0	150	18.181818181818183	21043995.0
789M14_R2_001	50.52822090215228	44.0	150.0	150	18.181818181818183	21043995.0
789M4_R1_001	60.42649286980761	44.0	150.0	150	9.090909090909092	19650104.0
789M4_R2_001	58.32180903155322	44.0	150.0	150	9.090909090909092	19650104.0
7C14_R1_001	52.18384611845461	43.0	150.0	150	9.090909090909092	18677158.0
7C14_R2_001	49.50969363894975	43.0	150.0	150	0.0	18677158.0
89C14_R1_001	53.3694861725089	43.0	150.0	150	18.181818181818183	21876868.0
89C14_R2_001	51.02151417993548	43.0	150.0	150	18.181818181818183	21876868.0
89C9_R1_001	50.7207763126074	43.0	150.0	150	18.181818181818183	18848232.0
89C9_R2_001	48.57854360182645	43.0	150.0	150	0.0	18848232.0
89M9_R1_001	45.7737111956501	46.0	150.0	150	9.090909090909092	18701929.0
89M9_R2_001	43.13730496535872	46.0	150.0	150	0.0	18701929.0
